   3.00000000000000e+07
   3.10000000000000e+07
   3.20000000000000e+07
   3.30000000000000e+07
   3.40000000000000e+07
   3.50000000000000e+07
   3.60000000000000e+07
   3.70000000000000e+07
   3.80000000000000e+07
   3.90000000000000e+07
   4.00000000000000e+07
   4.10000000000000e+07
   4.20000000000000e+07
   4.30000000000000e+07
   4.40000000000000e+07
   4.50000000000000e+07
   4.60000000000000e+07
   4.70000000000000e+07
   4.80000000000000e+07
   4.90000000000000e+07
   5.00000000000000e+07
   5.10000000000000e+07
   5.20000000000000e+07
   5.30000000000000e+07
   5.40000000000000e+07
   5.50000000000000e+07
   5.60000000000000e+07
   5.70000000000000e+07
   5.80000000000000e+07
   5.90000000000000e+07
   6.00000000000000e+07
   6.10000000000000e+07
   6.20000000000000e+07
   6.30000000000000e+07
   6.40000000000000e+07
   6.50000000000000e+07
   6.60000000000000e+07
   6.70000000000000e+07
   6.80000000000000e+07
   6.90000000000000e+07
   7.00000000000000e+07
   7.10000000000000e+07
   7.20000000000000e+07
   7.30000000000000e+07
   7.40000000000000e+07
   7.50000000000000e+07
   7.60000000000000e+07
   7.70000000000000e+07
   7.80000000000000e+07
   7.90000000000000e+07
   8.00000000000000e+07
   8.10000000000000e+07
   8.20000000000000e+07
   8.30000000000000e+07
   8.40000000000000e+07
   8.50000000000000e+07
   8.60000000000000e+07
   8.70000000000000e+07
   8.80000000000000e+07
   8.90000000000000e+07
   9.00000000000000e+07
   9.10000000000000e+07
   9.20000000000000e+07
   9.30000000000000e+07
   9.40000000000000e+07
   9.50000000000000e+07
   9.60000000000000e+07
   9.70000000000000e+07
   9.80000000000000e+07
   9.90000000000000e+07
   1.00000000000000e+08
   1.01000000000000e+08
   1.02000000000000e+08
   1.03000000000000e+08
   1.04000000000000e+08
   1.05000000000000e+08
   1.06000000000000e+08
   1.07000000000000e+08
   1.08000000000000e+08
   1.09000000000000e+08
   1.10000000000000e+08
   1.11000000000000e+08
   1.12000000000000e+08
   1.13000000000000e+08
   1.14000000000000e+08
   1.15000000000000e+08
   1.16000000000000e+08
   1.17000000000000e+08
   1.18000000000000e+08
   1.19000000000000e+08
   1.20000000000000e+08
   1.21000000000000e+08
   1.22000000000000e+08
   1.23000000000000e+08
   1.24000000000000e+08
   1.25000000000000e+08
   1.26000000000000e+08
   1.27000000000000e+08
   1.28000000000000e+08
   1.29000000000000e+08
   1.30000000000000e+08
   1.31000000000000e+08
   1.32000000000000e+08
   1.33000000000000e+08
   1.34000000000000e+08
   1.35000000000000e+08
   1.36000000000000e+08
   1.37000000000000e+08
   1.38000000000000e+08
   1.39000000000000e+08
   1.40000000000000e+08
   1.41000000000000e+08
   1.42000000000000e+08
   1.43000000000000e+08
   1.44000000000000e+08
   1.45000000000000e+08
   1.46000000000000e+08
   1.47000000000000e+08
   1.48000000000000e+08
   1.49000000000000e+08
   1.50000000000000e+08
   1.51000000000000e+08
   1.52000000000000e+08
   1.53000000000000e+08
   1.54000000000000e+08
   1.55000000000000e+08
   1.56000000000000e+08
   1.57000000000000e+08
   1.58000000000000e+08
   1.59000000000000e+08
   1.60000000000000e+08
   1.61000000000000e+08
   1.62000000000000e+08
   1.63000000000000e+08
   1.64000000000000e+08
   1.65000000000000e+08
   1.66000000000000e+08
   1.67000000000000e+08
   1.68000000000000e+08
   1.69000000000000e+08
   1.70000000000000e+08
   1.71000000000000e+08
   1.72000000000000e+08
   1.73000000000000e+08
   1.74000000000000e+08
   1.75000000000000e+08
   1.76000000000000e+08
   1.77000000000000e+08
   1.78000000000000e+08
   1.79000000000000e+08
   1.80000000000000e+08
   1.81000000000000e+08
   1.82000000000000e+08
   1.83000000000000e+08
   1.84000000000000e+08
   1.85000000000000e+08
   1.86000000000000e+08
   1.87000000000000e+08
   1.88000000000000e+08
   1.89000000000000e+08
   1.90000000000000e+08
   1.91000000000000e+08
   1.92000000000000e+08
   1.93000000000000e+08
   1.94000000000000e+08
   1.95000000000000e+08
   1.96000000000000e+08
   1.97000000000000e+08
   1.98000000000000e+08
   1.99000000000000e+08
   2.00000000000000e+08
   2.01000000000000e+08
   2.02000000000000e+08
   2.03000000000000e+08
   2.04000000000000e+08
   2.05000000000000e+08
   2.06000000000000e+08
   2.07000000000000e+08
   2.08000000000000e+08
   2.09000000000000e+08
   2.10000000000000e+08
   2.11000000000000e+08
   2.12000000000000e+08
   2.13000000000000e+08
   2.14000000000000e+08
   2.15000000000000e+08
   2.16000000000000e+08
   2.17000000000000e+08
   2.18000000000000e+08
   2.19000000000000e+08
   2.20000000000000e+08
   2.21000000000000e+08
   2.22000000000000e+08
   2.23000000000000e+08
   2.24000000000000e+08
   2.25000000000000e+08
   2.26000000000000e+08
   2.27000000000000e+08
   2.28000000000000e+08
   2.29000000000000e+08
   2.30000000000000e+08
   2.31000000000000e+08
   2.32000000000000e+08
   2.33000000000000e+08
   2.34000000000000e+08
   2.35000000000000e+08
   2.36000000000000e+08
   2.37000000000000e+08
   2.38000000000000e+08
   2.39000000000000e+08
   2.40000000000000e+08
   2.41000000000000e+08
   2.42000000000000e+08
   2.43000000000000e+08
   2.44000000000000e+08
   2.45000000000000e+08
   2.46000000000000e+08
   2.47000000000000e+08
   2.48000000000000e+08
   2.49000000000000e+08
   2.50000000000000e+08
   2.51000000000000e+08
   2.52000000000000e+08
   2.53000000000000e+08
   2.54000000000000e+08
   2.55000000000000e+08
   2.56000000000000e+08
   2.57000000000000e+08
   2.58000000000000e+08
   2.59000000000000e+08
   2.60000000000000e+08
   2.61000000000000e+08
   2.62000000000000e+08
   2.63000000000000e+08
   2.64000000000000e+08
   2.65000000000000e+08
   2.66000000000000e+08
   2.67000000000000e+08
   2.68000000000000e+08
   2.69000000000000e+08
   2.70000000000000e+08
   2.71000000000000e+08
   2.72000000000000e+08
   2.73000000000000e+08
   2.74000000000000e+08
   2.75000000000000e+08
   2.76000000000000e+08
   2.77000000000000e+08
   2.78000000000000e+08
   2.79000000000000e+08
   2.80000000000000e+08
   2.81000000000000e+08
   2.82000000000000e+08
   2.83000000000000e+08
   2.84000000000000e+08
   2.85000000000000e+08
   2.86000000000000e+08
   2.87000000000000e+08
   2.88000000000000e+08
   2.89000000000000e+08
   2.90000000000000e+08
   2.91000000000000e+08
   2.92000000000000e+08
   2.93000000000000e+08
   2.94000000000000e+08
   2.95000000000000e+08
   2.96000000000000e+08
   2.97000000000000e+08
   2.98000000000000e+08
   2.99000000000000e+08
   3.00000000000000e+08
   3.01000000000000e+08
   3.02000000000000e+08
   3.03000000000000e+08
   3.04000000000000e+08
   3.05000000000000e+08
   3.06000000000000e+08
   3.07000000000000e+08
   3.08000000000000e+08
   3.09000000000000e+08
   3.10000000000000e+08
   3.11000000000000e+08
   3.12000000000000e+08
   3.13000000000000e+08
   3.14000000000000e+08
   3.15000000000000e+08
   3.16000000000000e+08
   3.17000000000000e+08
   3.18000000000000e+08
   3.19000000000000e+08
   3.20000000000000e+08
   3.21000000000000e+08
   3.22000000000000e+08
   3.23000000000000e+08
   3.24000000000000e+08
   3.25000000000000e+08
   3.26000000000000e+08
   3.27000000000000e+08
   3.28000000000000e+08
   3.29000000000000e+08
   3.30000000000000e+08
   3.31000000000000e+08
   3.32000000000000e+08
   3.33000000000000e+08
   3.34000000000000e+08
   3.35000000000000e+08
   3.36000000000000e+08
   3.37000000000000e+08
   3.38000000000000e+08
   3.39000000000000e+08
   3.40000000000000e+08
   3.41000000000000e+08
   3.42000000000000e+08
   3.43000000000000e+08
   3.44000000000000e+08
   3.45000000000000e+08
   3.46000000000000e+08
   3.47000000000000e+08
   3.48000000000000e+08
   3.49000000000000e+08
   3.50000000000000e+08
   3.51000000000000e+08
   3.52000000000000e+08
   3.53000000000000e+08
   3.54000000000000e+08
   3.55000000000000e+08
   3.56000000000000e+08
   3.57000000000000e+08
   3.58000000000000e+08
   3.59000000000000e+08
   3.60000000000000e+08
   3.61000000000000e+08
   3.62000000000000e+08
   3.63000000000000e+08
   3.64000000000000e+08
   3.65000000000000e+08
   3.66000000000000e+08
   3.67000000000000e+08
   3.68000000000000e+08
   3.69000000000000e+08
   3.70000000000000e+08
   3.71000000000000e+08
   3.72000000000000e+08
   3.73000000000000e+08
   3.74000000000000e+08
   3.75000000000000e+08
   3.76000000000000e+08
   3.77000000000000e+08
   3.78000000000000e+08
   3.79000000000000e+08
   3.80000000000000e+08
   3.81000000000000e+08
   3.82000000000000e+08
   3.83000000000000e+08
   3.84000000000000e+08
   3.85000000000000e+08
   3.86000000000000e+08
   3.87000000000000e+08
   3.88000000000000e+08
   3.89000000000000e+08
   3.90000000000000e+08
   3.91000000000000e+08
   3.92000000000000e+08
   3.93000000000000e+08
   3.94000000000000e+08
   3.95000000000000e+08
   3.96000000000000e+08
   3.97000000000000e+08
   3.98000000000000e+08
   3.99000000000000e+08
   4.00000000000000e+08
   4.01000000000000e+08
   4.02000000000000e+08
   4.03000000000000e+08
   4.04000000000000e+08
   4.05000000000000e+08
   4.06000000000000e+08
   4.07000000000000e+08
   4.08000000000000e+08
   4.09000000000000e+08
   4.10000000000000e+08
   4.11000000000000e+08
   4.12000000000000e+08
   4.13000000000000e+08
   4.14000000000000e+08
   4.15000000000000e+08
   4.16000000000000e+08
   4.17000000000000e+08
   4.18000000000000e+08
   4.19000000000000e+08
   4.20000000000000e+08
   4.21000000000000e+08
   4.22000000000000e+08
   4.23000000000000e+08
   4.24000000000000e+08
   4.25000000000000e+08
   4.26000000000000e+08
   4.27000000000000e+08
   4.28000000000000e+08
   4.29000000000000e+08
   4.30000000000000e+08
   4.31000000000000e+08
   4.32000000000000e+08
   4.33000000000000e+08
   4.34000000000000e+08
   4.35000000000000e+08
   4.36000000000000e+08
   4.37000000000000e+08
   4.38000000000000e+08
   4.39000000000000e+08
   4.40000000000000e+08
   4.41000000000000e+08
   4.42000000000000e+08
   4.43000000000000e+08
   4.44000000000000e+08
   4.45000000000000e+08
   4.46000000000000e+08
   4.47000000000000e+08
   4.48000000000000e+08
   4.49000000000000e+08
   4.50000000000000e+08
   4.51000000000000e+08
   4.52000000000000e+08
   4.53000000000000e+08
   4.54000000000000e+08
   4.55000000000000e+08
   4.56000000000000e+08
   4.57000000000000e+08
   4.58000000000000e+08
   4.59000000000000e+08
   4.60000000000000e+08
   4.61000000000000e+08
   4.62000000000000e+08
   4.63000000000000e+08
   4.64000000000000e+08
   4.65000000000000e+08
   4.66000000000000e+08
   4.67000000000000e+08
   4.68000000000000e+08
   4.69000000000000e+08
   4.70000000000000e+08
   4.71000000000000e+08
   4.72000000000000e+08
   4.73000000000000e+08
   4.74000000000000e+08
   4.75000000000000e+08
   4.76000000000000e+08
   4.77000000000000e+08
   4.78000000000000e+08
   4.79000000000000e+08
   4.80000000000000e+08
   4.81000000000000e+08
   4.82000000000000e+08
   4.83000000000000e+08
   4.84000000000000e+08
   4.85000000000000e+08
   4.86000000000000e+08
   4.87000000000000e+08
   4.88000000000000e+08
   4.89000000000000e+08
   4.90000000000000e+08
   4.91000000000000e+08
   4.92000000000000e+08
   4.93000000000000e+08
   4.94000000000000e+08
   4.95000000000000e+08
   4.96000000000000e+08
   4.97000000000000e+08
   4.98000000000000e+08
   4.99000000000000e+08
   5.00000000000000e+08
   5.01000000000000e+08
   5.02000000000000e+08
   5.03000000000000e+08
   5.04000000000000e+08
   5.05000000000000e+08
   5.06000000000000e+08
   5.07000000000000e+08
   5.08000000000000e+08
   5.09000000000000e+08
   5.10000000000000e+08
   5.11000000000000e+08
   5.12000000000000e+08
   5.13000000000000e+08
   5.14000000000000e+08
   5.15000000000000e+08
   5.16000000000000e+08
   5.17000000000000e+08
   5.18000000000000e+08
   5.19000000000000e+08
   5.20000000000000e+08
   5.21000000000000e+08
   5.22000000000000e+08
   5.23000000000000e+08
   5.24000000000000e+08
   5.25000000000000e+08
   5.26000000000000e+08
   5.27000000000000e+08
   5.28000000000000e+08
   5.29000000000000e+08
   5.30000000000000e+08
   5.31000000000000e+08
   5.32000000000000e+08
   5.33000000000000e+08
   5.34000000000000e+08
   5.35000000000000e+08
   5.36000000000000e+08
   5.37000000000000e+08
   5.38000000000000e+08
   5.39000000000000e+08
   5.40000000000000e+08
   5.41000000000000e+08
   5.42000000000000e+08
   5.43000000000000e+08
   5.44000000000000e+08
   5.45000000000000e+08
   5.46000000000000e+08
   5.47000000000000e+08
   5.48000000000000e+08
   5.49000000000000e+08
   5.50000000000000e+08
   5.51000000000000e+08
   5.52000000000000e+08
   5.53000000000000e+08
   5.54000000000000e+08
   5.55000000000000e+08
   5.56000000000000e+08
   5.57000000000000e+08
   5.58000000000000e+08
   5.59000000000000e+08
   5.60000000000000e+08
   5.61000000000000e+08
   5.62000000000000e+08
   5.63000000000000e+08
   5.64000000000000e+08
   5.65000000000000e+08
   5.66000000000000e+08
   5.67000000000000e+08
   5.68000000000000e+08
   5.69000000000000e+08
   5.70000000000000e+08
   5.71000000000000e+08
   5.72000000000000e+08
   5.73000000000000e+08
   5.74000000000000e+08
   5.75000000000000e+08
   5.76000000000000e+08
   5.77000000000000e+08
   5.78000000000000e+08
   5.79000000000000e+08
   5.80000000000000e+08
   5.81000000000000e+08
   5.82000000000000e+08
   5.83000000000000e+08
   5.84000000000000e+08
   5.85000000000000e+08
   5.86000000000000e+08
   5.87000000000000e+08
   5.88000000000000e+08
   5.89000000000000e+08
   5.90000000000000e+08
   5.91000000000000e+08
   5.92000000000000e+08
   5.93000000000000e+08
   5.94000000000000e+08
   5.95000000000000e+08
   5.96000000000000e+08
   5.97000000000000e+08
   5.98000000000000e+08
   5.99000000000000e+08
   6.00000000000000e+08
   6.01000000000000e+08
   6.02000000000000e+08
   6.03000000000000e+08
   6.04000000000000e+08
   6.05000000000000e+08
   6.06000000000000e+08
   6.07000000000000e+08
   6.08000000000000e+08
   6.09000000000000e+08
   6.10000000000000e+08
   6.11000000000000e+08
   6.12000000000000e+08
   6.13000000000000e+08
   6.14000000000000e+08
   6.15000000000000e+08
   6.16000000000000e+08
   6.17000000000000e+08
   6.18000000000000e+08
   6.19000000000000e+08
   6.20000000000000e+08
   6.21000000000000e+08
   6.22000000000000e+08
   6.23000000000000e+08
   6.24000000000000e+08
   6.25000000000000e+08
   6.26000000000000e+08
   6.27000000000000e+08
   6.28000000000000e+08
   6.29000000000000e+08
   6.30000000000000e+08
   6.31000000000000e+08
   6.32000000000000e+08
   6.33000000000000e+08
   6.34000000000000e+08
   6.35000000000000e+08
   6.36000000000000e+08
   6.37000000000000e+08
   6.38000000000000e+08
   6.39000000000000e+08
   6.40000000000000e+08
   6.41000000000000e+08
   6.42000000000000e+08
   6.43000000000000e+08
   6.44000000000000e+08
   6.45000000000000e+08
   6.46000000000000e+08
   6.47000000000000e+08
   6.48000000000000e+08
   6.49000000000000e+08
   6.50000000000000e+08
   6.51000000000000e+08
   6.52000000000000e+08
   6.53000000000000e+08
   6.54000000000000e+08
   6.55000000000000e+08
   6.56000000000000e+08
   6.57000000000000e+08
   6.58000000000000e+08
   6.59000000000000e+08
   6.60000000000000e+08
   6.61000000000000e+08
   6.62000000000000e+08
   6.63000000000000e+08
   6.64000000000000e+08
   6.65000000000000e+08
   6.66000000000000e+08
   6.67000000000000e+08
   6.68000000000000e+08
   6.69000000000000e+08
   6.70000000000000e+08
   6.71000000000000e+08
   6.72000000000000e+08
   6.73000000000000e+08
   6.74000000000000e+08
   6.75000000000000e+08
   6.76000000000000e+08
   6.77000000000000e+08
   6.78000000000000e+08
   6.79000000000000e+08
   6.80000000000000e+08
   6.81000000000000e+08
   6.82000000000000e+08
   6.83000000000000e+08
   6.84000000000000e+08
   6.85000000000000e+08
   6.86000000000000e+08
   6.87000000000000e+08
   6.88000000000000e+08
   6.89000000000000e+08
   6.90000000000000e+08
   6.91000000000000e+08
   6.92000000000000e+08
   6.93000000000000e+08
   6.94000000000000e+08
   6.95000000000000e+08
   6.96000000000000e+08
   6.97000000000000e+08
   6.98000000000000e+08
   6.99000000000000e+08
   7.00000000000000e+08
   7.01000000000000e+08
   7.02000000000000e+08
   7.03000000000000e+08
   7.04000000000000e+08
   7.05000000000000e+08
   7.06000000000000e+08
   7.07000000000000e+08
   7.08000000000000e+08
   7.09000000000000e+08
   7.10000000000000e+08
   7.11000000000000e+08
   7.12000000000000e+08
   7.13000000000000e+08
   7.14000000000000e+08
   7.15000000000000e+08
   7.16000000000000e+08
   7.17000000000000e+08
   7.18000000000000e+08
   7.19000000000000e+08
   7.20000000000000e+08
   7.21000000000000e+08
   7.22000000000000e+08
   7.23000000000000e+08
   7.24000000000000e+08
   7.25000000000000e+08
   7.26000000000000e+08
   7.27000000000000e+08
   7.28000000000000e+08
   7.29000000000000e+08
   7.30000000000000e+08
   7.31000000000000e+08
   7.32000000000000e+08
   7.33000000000000e+08
   7.34000000000000e+08
   7.35000000000000e+08
   7.36000000000000e+08
   7.37000000000000e+08
   7.38000000000000e+08
   7.39000000000000e+08
   7.40000000000000e+08
   7.41000000000000e+08
   7.42000000000000e+08
   7.43000000000000e+08
   7.44000000000000e+08
   7.45000000000000e+08
   7.46000000000000e+08
   7.47000000000000e+08
   7.48000000000000e+08
   7.49000000000000e+08
   7.50000000000000e+08
   7.51000000000000e+08
   7.52000000000000e+08
   7.53000000000000e+08
   7.54000000000000e+08
   7.55000000000000e+08
   7.56000000000000e+08
   7.57000000000000e+08
   7.58000000000000e+08
   7.59000000000000e+08
   7.60000000000000e+08
   7.61000000000000e+08
   7.62000000000000e+08
   7.63000000000000e+08
   7.64000000000000e+08
   7.65000000000000e+08
   7.66000000000000e+08
   7.67000000000000e+08
   7.68000000000000e+08
   7.69000000000000e+08
   7.70000000000000e+08
   7.71000000000000e+08
   7.72000000000000e+08
   7.73000000000000e+08
   7.74000000000000e+08
   7.75000000000000e+08
   7.76000000000000e+08
   7.77000000000000e+08
   7.78000000000000e+08
   7.79000000000000e+08
   7.80000000000000e+08
   7.81000000000000e+08
   7.82000000000000e+08
   7.83000000000000e+08
   7.84000000000000e+08
   7.85000000000000e+08
   7.86000000000000e+08
   7.87000000000000e+08
   7.88000000000000e+08
   7.89000000000000e+08
   7.90000000000000e+08
   7.91000000000000e+08
   7.92000000000000e+08
   7.93000000000000e+08
   7.94000000000000e+08
   7.95000000000000e+08
   7.96000000000000e+08
   7.97000000000000e+08
   7.98000000000000e+08
   7.99000000000000e+08
   8.00000000000000e+08
   8.01000000000000e+08
   8.02000000000000e+08
   8.03000000000000e+08
   8.04000000000000e+08
   8.05000000000000e+08
   8.06000000000000e+08
   8.07000000000000e+08
   8.08000000000000e+08
   8.09000000000000e+08
   8.10000000000000e+08
   8.11000000000000e+08
   8.12000000000000e+08
   8.13000000000000e+08
   8.14000000000000e+08
   8.15000000000000e+08
   8.16000000000000e+08
   8.17000000000000e+08
   8.18000000000000e+08
   8.19000000000000e+08
   8.20000000000000e+08
   8.21000000000000e+08
   8.22000000000000e+08
   8.23000000000000e+08
   8.24000000000000e+08
   8.25000000000000e+08
   8.26000000000000e+08
   8.27000000000000e+08
   8.28000000000000e+08
   8.29000000000000e+08
   8.30000000000000e+08
   8.31000000000000e+08
   8.32000000000000e+08
   8.33000000000000e+08
   8.34000000000000e+08
   8.35000000000000e+08
   8.36000000000000e+08
   8.37000000000000e+08
   8.38000000000000e+08
   8.39000000000000e+08
   8.40000000000000e+08
   8.41000000000000e+08
   8.42000000000000e+08
   8.43000000000000e+08
   8.44000000000000e+08
   8.45000000000000e+08
   8.46000000000000e+08
   8.47000000000000e+08
   8.48000000000000e+08
   8.49000000000000e+08
   8.50000000000000e+08
   8.51000000000000e+08
   8.52000000000000e+08
   8.53000000000000e+08
   8.54000000000000e+08
   8.55000000000000e+08
   8.56000000000000e+08
   8.57000000000000e+08
   8.58000000000000e+08
   8.59000000000000e+08
   8.60000000000000e+08
   8.61000000000000e+08
   8.62000000000000e+08
   8.63000000000000e+08
   8.64000000000000e+08
   8.65000000000000e+08
   8.66000000000000e+08
   8.67000000000000e+08
   8.68000000000000e+08
   8.69000000000000e+08
   8.70000000000000e+08
   8.71000000000000e+08
   8.72000000000000e+08
   8.73000000000000e+08
   8.74000000000000e+08
   8.75000000000000e+08
   8.76000000000000e+08
   8.77000000000000e+08
   8.78000000000000e+08
   8.79000000000000e+08
   8.80000000000000e+08
   8.81000000000000e+08
   8.82000000000000e+08
   8.83000000000000e+08
   8.84000000000000e+08
   8.85000000000000e+08
   8.86000000000000e+08
   8.87000000000000e+08
   8.88000000000000e+08
   8.89000000000000e+08
   8.90000000000000e+08
   8.91000000000000e+08
   8.92000000000000e+08
   8.93000000000000e+08
   8.94000000000000e+08
   8.95000000000000e+08
   8.96000000000000e+08
   8.97000000000000e+08
   8.98000000000000e+08
   8.99000000000000e+08
   9.00000000000000e+08
   9.01000000000000e+08
   9.02000000000000e+08
   9.03000000000000e+08
   9.04000000000000e+08
   9.05000000000000e+08
   9.06000000000000e+08
   9.07000000000000e+08
   9.08000000000000e+08
   9.09000000000000e+08
   9.10000000000000e+08
   9.11000000000000e+08
   9.12000000000000e+08
   9.13000000000000e+08
   9.14000000000000e+08
   9.15000000000000e+08
   9.16000000000000e+08
   9.17000000000000e+08
   9.18000000000000e+08
   9.19000000000000e+08
   9.20000000000000e+08
   9.21000000000000e+08
   9.22000000000000e+08
   9.23000000000000e+08
   9.24000000000000e+08
   9.25000000000000e+08
   9.26000000000000e+08
   9.27000000000000e+08
   9.28000000000000e+08
   9.29000000000000e+08
   9.30000000000000e+08
   9.31000000000000e+08
   9.32000000000000e+08
   9.33000000000000e+08
   9.34000000000000e+08
   9.35000000000000e+08
   9.36000000000000e+08
   9.37000000000000e+08
   9.38000000000000e+08
   9.39000000000000e+08
   9.40000000000000e+08
   9.41000000000000e+08
   9.42000000000000e+08
   9.43000000000000e+08
   9.44000000000000e+08
   9.45000000000000e+08
   9.46000000000000e+08
   9.47000000000000e+08
   9.48000000000000e+08
   9.49000000000000e+08
   9.50000000000000e+08
   9.51000000000000e+08
   9.52000000000000e+08
   9.53000000000000e+08
   9.54000000000000e+08
   9.55000000000000e+08
   9.56000000000000e+08
   9.57000000000000e+08
   9.58000000000000e+08
   9.59000000000000e+08
   9.60000000000000e+08
   9.61000000000000e+08
   9.62000000000000e+08
   9.63000000000000e+08
   9.64000000000000e+08
   9.65000000000000e+08
   9.66000000000000e+08
   9.67000000000000e+08
   9.68000000000000e+08
   9.69000000000000e+08
   9.70000000000000e+08
   9.71000000000000e+08
   9.72000000000000e+08
   9.73000000000000e+08
   9.74000000000000e+08
   9.75000000000000e+08
   9.76000000000000e+08
   9.77000000000000e+08
   9.78000000000000e+08
   9.79000000000000e+08
   9.80000000000000e+08
   9.81000000000000e+08
   9.82000000000000e+08
   9.83000000000000e+08
   9.84000000000000e+08
   9.85000000000000e+08
   9.86000000000000e+08
   9.87000000000000e+08
   9.88000000000000e+08
   9.89000000000000e+08
   9.90000000000000e+08
   9.91000000000000e+08
   9.92000000000000e+08
   9.93000000000000e+08
   9.94000000000000e+08
   9.95000000000000e+08
   9.96000000000000e+08
   9.97000000000000e+08
   9.98000000000000e+08
   9.99000000000000e+08
   1.00000000000000e+09
   1.00100000000000e+09
   1.00200000000000e+09
   1.00300000000000e+09
   1.00400000000000e+09
   1.00500000000000e+09
   1.00600000000000e+09
   1.00700000000000e+09
   1.00800000000000e+09
   1.00900000000000e+09
   1.01000000000000e+09
   1.01100000000000e+09
   1.01200000000000e+09
   1.01300000000000e+09
   1.01400000000000e+09
   1.01500000000000e+09
   1.01600000000000e+09
   1.01700000000000e+09
   1.01800000000000e+09
   1.01900000000000e+09
   1.02000000000000e+09
   1.02100000000000e+09
   1.02200000000000e+09
   1.02300000000000e+09
   1.02400000000000e+09
   1.02500000000000e+09
   1.02600000000000e+09
   1.02700000000000e+09
   1.02800000000000e+09
   1.02900000000000e+09
   1.03000000000000e+09
   1.03100000000000e+09
   1.03200000000000e+09
   1.03300000000000e+09
   1.03400000000000e+09
   1.03500000000000e+09
   1.03600000000000e+09
   1.03700000000000e+09
   1.03800000000000e+09
   1.03900000000000e+09
   1.04000000000000e+09
   1.04100000000000e+09
   1.04200000000000e+09
   1.04300000000000e+09
   1.04400000000000e+09
   1.04500000000000e+09
   1.04600000000000e+09
   1.04700000000000e+09
   1.04800000000000e+09
   1.04900000000000e+09
   1.05000000000000e+09
   1.05100000000000e+09
   1.05200000000000e+09
   1.05300000000000e+09
   1.05400000000000e+09
   1.05500000000000e+09
   1.05600000000000e+09
   1.05700000000000e+09
   1.05800000000000e+09
   1.05900000000000e+09
   1.06000000000000e+09
   1.06100000000000e+09
   1.06200000000000e+09
   1.06300000000000e+09
   1.06400000000000e+09
   1.06500000000000e+09
   1.06600000000000e+09
   1.06700000000000e+09
   1.06800000000000e+09
   1.06900000000000e+09
   1.07000000000000e+09
   1.07100000000000e+09
   1.07200000000000e+09
   1.07300000000000e+09
   1.07400000000000e+09
   1.07500000000000e+09
   1.07600000000000e+09
   1.07700000000000e+09
   1.07800000000000e+09
   1.07900000000000e+09
   1.08000000000000e+09
   1.08100000000000e+09
   1.08200000000000e+09
   1.08300000000000e+09
   1.08400000000000e+09
   1.08500000000000e+09
   1.08600000000000e+09
   1.08700000000000e+09
   1.08800000000000e+09
   1.08900000000000e+09
   1.09000000000000e+09
   1.09100000000000e+09
   1.09200000000000e+09
   1.09300000000000e+09
   1.09400000000000e+09
   1.09500000000000e+09
   1.09600000000000e+09
   1.09700000000000e+09
   1.09800000000000e+09
   1.09900000000000e+09
   1.10000000000000e+09
   1.10100000000000e+09
   1.10200000000000e+09
   1.10300000000000e+09
   1.10400000000000e+09
   1.10500000000000e+09
   1.10600000000000e+09
   1.10700000000000e+09
   1.10800000000000e+09
   1.10900000000000e+09
   1.11000000000000e+09
   1.11100000000000e+09
   1.11200000000000e+09
   1.11300000000000e+09
   1.11400000000000e+09
   1.11500000000000e+09
   1.11600000000000e+09
   1.11700000000000e+09
   1.11800000000000e+09
   1.11900000000000e+09
   1.12000000000000e+09
   1.12100000000000e+09
   1.12200000000000e+09
   1.12300000000000e+09
   1.12400000000000e+09
   1.12500000000000e+09
   1.12600000000000e+09
   1.12700000000000e+09
   1.12800000000000e+09
   1.12900000000000e+09
   1.13000000000000e+09
   1.13100000000000e+09
   1.13200000000000e+09
   1.13300000000000e+09
   1.13400000000000e+09
   1.13500000000000e+09
   1.13600000000000e+09
   1.13700000000000e+09
   1.13800000000000e+09
   1.13900000000000e+09
   1.14000000000000e+09
   1.14100000000000e+09
   1.14200000000000e+09
   1.14300000000000e+09
   1.14400000000000e+09
   1.14500000000000e+09
   1.14600000000000e+09
   1.14700000000000e+09
   1.14800000000000e+09
   1.14900000000000e+09
   1.15000000000000e+09
   1.15100000000000e+09
   1.15200000000000e+09
   1.15300000000000e+09
   1.15400000000000e+09
   1.15500000000000e+09
   1.15600000000000e+09
   1.15700000000000e+09
   1.15800000000000e+09
   1.15900000000000e+09
   1.16000000000000e+09
   1.16100000000000e+09
   1.16200000000000e+09
   1.16300000000000e+09
   1.16400000000000e+09
   1.16500000000000e+09
   1.16600000000000e+09
   1.16700000000000e+09
   1.16800000000000e+09
   1.16900000000000e+09
   1.17000000000000e+09
   1.17100000000000e+09
   1.17200000000000e+09
   1.17300000000000e+09
   1.17400000000000e+09
   1.17500000000000e+09
   1.17600000000000e+09
   1.17700000000000e+09
   1.17800000000000e+09
   1.17900000000000e+09
   1.18000000000000e+09
   1.18100000000000e+09
   1.18200000000000e+09
   1.18300000000000e+09
   1.18400000000000e+09
   1.18500000000000e+09
   1.18600000000000e+09
   1.18700000000000e+09
   1.18800000000000e+09
   1.18900000000000e+09
   1.19000000000000e+09
   1.19100000000000e+09
   1.19200000000000e+09
   1.19300000000000e+09
   1.19400000000000e+09
   1.19500000000000e+09
   1.19600000000000e+09
   1.19700000000000e+09
   1.19800000000000e+09
   1.19900000000000e+09
   1.20000000000000e+09
   1.20100000000000e+09
   1.20200000000000e+09
   1.20300000000000e+09
   1.20400000000000e+09
   1.20500000000000e+09
   1.20600000000000e+09
   1.20700000000000e+09
   1.20800000000000e+09
   1.20900000000000e+09
   1.21000000000000e+09
   1.21100000000000e+09
   1.21200000000000e+09
   1.21300000000000e+09
   1.21400000000000e+09
   1.21500000000000e+09
   1.21600000000000e+09
   1.21700000000000e+09
   1.21800000000000e+09
   1.21900000000000e+09
   1.22000000000000e+09
   1.22100000000000e+09
   1.22200000000000e+09
   1.22300000000000e+09
   1.22400000000000e+09
   1.22500000000000e+09
   1.22600000000000e+09
   1.22700000000000e+09
   1.22800000000000e+09
   1.22900000000000e+09
   1.23000000000000e+09
   1.23100000000000e+09
   1.23200000000000e+09
   1.23300000000000e+09
   1.23400000000000e+09
   1.23500000000000e+09
   1.23600000000000e+09
   1.23700000000000e+09
   1.23800000000000e+09
   1.23900000000000e+09
   1.24000000000000e+09
   1.24100000000000e+09
   1.24200000000000e+09
   1.24300000000000e+09
   1.24400000000000e+09
   1.24500000000000e+09
   1.24600000000000e+09
   1.24700000000000e+09
   1.24800000000000e+09
   1.24900000000000e+09
   1.25000000000000e+09
   1.25100000000000e+09
   1.25200000000000e+09
   1.25300000000000e+09
   1.25400000000000e+09
   1.25500000000000e+09
   1.25600000000000e+09
   1.25700000000000e+09
   1.25800000000000e+09
   1.25900000000000e+09
   1.26000000000000e+09
   1.26100000000000e+09
   1.26200000000000e+09
   1.26300000000000e+09
   1.26400000000000e+09
   1.26500000000000e+09
   1.26600000000000e+09
   1.26700000000000e+09
   1.26800000000000e+09
   1.26900000000000e+09
   1.27000000000000e+09
   1.27100000000000e+09
   1.27200000000000e+09
   1.27300000000000e+09
   1.27400000000000e+09
   1.27500000000000e+09
   1.27600000000000e+09
   1.27700000000000e+09
   1.27800000000000e+09
   1.27900000000000e+09
   1.28000000000000e+09
   1.28100000000000e+09
   1.28200000000000e+09
   1.28300000000000e+09
   1.28400000000000e+09
   1.28500000000000e+09
   1.28600000000000e+09
   1.28700000000000e+09
   1.28800000000000e+09
   1.28900000000000e+09
   1.29000000000000e+09
   1.29100000000000e+09
   1.29200000000000e+09
   1.29300000000000e+09
   1.29400000000000e+09
   1.29500000000000e+09
   1.29600000000000e+09
   1.29700000000000e+09
   1.29800000000000e+09
   1.29900000000000e+09
   1.30000000000000e+09
   1.30100000000000e+09
   1.30200000000000e+09
   1.30300000000000e+09
   1.30400000000000e+09
   1.30500000000000e+09
   1.30600000000000e+09
   1.30700000000000e+09
   1.30800000000000e+09
   1.30900000000000e+09
   1.31000000000000e+09
   1.31100000000000e+09
   1.31200000000000e+09
   1.31300000000000e+09
   1.31400000000000e+09
   1.31500000000000e+09
   1.31600000000000e+09
   1.31700000000000e+09
   1.31800000000000e+09
   1.31900000000000e+09
   1.32000000000000e+09
   1.32100000000000e+09
   1.32200000000000e+09
   1.32300000000000e+09
   1.32400000000000e+09
   1.32500000000000e+09
   1.32600000000000e+09
   1.32700000000000e+09
   1.32800000000000e+09
   1.32900000000000e+09
   1.33000000000000e+09
   1.33100000000000e+09
   1.33200000000000e+09
   1.33300000000000e+09
   1.33400000000000e+09
   1.33500000000000e+09
   1.33600000000000e+09
   1.33700000000000e+09
   1.33800000000000e+09
   1.33900000000000e+09
   1.34000000000000e+09
   1.34100000000000e+09
   1.34200000000000e+09
   1.34300000000000e+09
   1.34400000000000e+09
   1.34500000000000e+09
   1.34600000000000e+09
   1.34700000000000e+09
   1.34800000000000e+09
   1.34900000000000e+09
   1.35000000000000e+09
   1.35100000000000e+09
   1.35200000000000e+09
   1.35300000000000e+09
   1.35400000000000e+09
   1.35500000000000e+09
   1.35600000000000e+09
   1.35700000000000e+09
   1.35800000000000e+09
   1.35900000000000e+09
   1.36000000000000e+09
   1.36100000000000e+09
   1.36200000000000e+09
   1.36300000000000e+09
   1.36400000000000e+09
   1.36500000000000e+09
   1.36600000000000e+09
   1.36700000000000e+09
   1.36800000000000e+09
   1.36900000000000e+09
   1.37000000000000e+09
   1.37100000000000e+09
   1.37200000000000e+09
   1.37300000000000e+09
   1.37400000000000e+09
   1.37500000000000e+09
   1.37600000000000e+09
   1.37700000000000e+09
   1.37800000000000e+09
   1.37900000000000e+09
   1.38000000000000e+09
   1.38100000000000e+09
   1.38200000000000e+09
   1.38300000000000e+09
   1.38400000000000e+09
   1.38500000000000e+09
   1.38600000000000e+09
   1.38700000000000e+09
   1.38800000000000e+09
   1.38900000000000e+09
   1.39000000000000e+09
   1.39100000000000e+09
   1.39200000000000e+09
   1.39300000000000e+09
   1.39400000000000e+09
   1.39500000000000e+09
   1.39600000000000e+09
   1.39700000000000e+09
   1.39800000000000e+09
   1.39900000000000e+09
   1.40000000000000e+09
   1.40100000000000e+09
   1.40200000000000e+09
   1.40300000000000e+09
   1.40400000000000e+09
   1.40500000000000e+09
   1.40600000000000e+09
   1.40700000000000e+09
   1.40800000000000e+09
   1.40900000000000e+09
   1.41000000000000e+09
   1.41100000000000e+09
   1.41200000000000e+09
   1.41300000000000e+09
   1.41400000000000e+09
   1.41500000000000e+09
   1.41600000000000e+09
   1.41700000000000e+09
   1.41800000000000e+09
   1.41900000000000e+09
   1.42000000000000e+09
   1.42100000000000e+09
   1.42200000000000e+09
   1.42300000000000e+09
   1.42400000000000e+09
   1.42500000000000e+09
   1.42600000000000e+09
   1.42700000000000e+09
   1.42800000000000e+09
   1.42900000000000e+09
   1.43000000000000e+09
   1.43100000000000e+09
   1.43200000000000e+09
   1.43300000000000e+09
   1.43400000000000e+09
   1.43500000000000e+09
   1.43600000000000e+09
   1.43700000000000e+09
   1.43800000000000e+09
   1.43900000000000e+09
   1.44000000000000e+09
   1.44100000000000e+09
   1.44200000000000e+09
   1.44300000000000e+09
   1.44400000000000e+09
   1.44500000000000e+09
   1.44600000000000e+09
   1.44700000000000e+09
   1.44800000000000e+09
   1.44900000000000e+09
   1.45000000000000e+09
   1.45100000000000e+09
   1.45200000000000e+09
   1.45300000000000e+09
   1.45400000000000e+09
   1.45500000000000e+09
   1.45600000000000e+09
   1.45700000000000e+09
   1.45800000000000e+09
   1.45900000000000e+09
   1.46000000000000e+09
   1.46100000000000e+09
   1.46200000000000e+09
   1.46300000000000e+09
   1.46400000000000e+09
   1.46500000000000e+09
   1.46600000000000e+09
   1.46700000000000e+09
   1.46800000000000e+09
   1.46900000000000e+09
   1.47000000000000e+09
   1.47100000000000e+09
   1.47200000000000e+09
   1.47300000000000e+09
   1.47400000000000e+09
   1.47500000000000e+09
   1.47600000000000e+09
   1.47700000000000e+09
   1.47800000000000e+09
   1.47900000000000e+09
   1.48000000000000e+09
   1.48100000000000e+09
   1.48200000000000e+09
   1.48300000000000e+09
   1.48400000000000e+09
   1.48500000000000e+09
   1.48600000000000e+09
   1.48700000000000e+09
   1.48800000000000e+09
   1.48900000000000e+09
   1.49000000000000e+09
   1.49100000000000e+09
   1.49200000000000e+09
   1.49300000000000e+09
   1.49400000000000e+09
   1.49500000000000e+09
   1.49600000000000e+09
   1.49700000000000e+09
   1.49800000000000e+09
   1.49900000000000e+09
   1.50000000000000e+09
   1.50100000000000e+09
   1.50200000000000e+09
   1.50300000000000e+09
   1.50400000000000e+09
   1.50500000000000e+09
   1.50600000000000e+09
   1.50700000000000e+09
   1.50800000000000e+09
   1.50900000000000e+09
   1.51000000000000e+09
   1.51100000000000e+09
   1.51200000000000e+09
   1.51300000000000e+09
   1.51400000000000e+09
   1.51500000000000e+09
   1.51600000000000e+09
   1.51700000000000e+09
   1.51800000000000e+09
   1.51900000000000e+09
   1.52000000000000e+09
   1.52100000000000e+09
   1.52200000000000e+09
   1.52300000000000e+09
   1.52400000000000e+09
   1.52500000000000e+09
   1.52600000000000e+09
   1.52700000000000e+09
   1.52800000000000e+09
   1.52900000000000e+09
   1.53000000000000e+09
   1.53100000000000e+09
   1.53200000000000e+09
   1.53300000000000e+09
   1.53400000000000e+09
   1.53500000000000e+09
   1.53600000000000e+09
   1.53700000000000e+09
   1.53800000000000e+09
   1.53900000000000e+09
   1.54000000000000e+09
   1.54100000000000e+09
   1.54200000000000e+09
   1.54300000000000e+09
   1.54400000000000e+09
   1.54500000000000e+09
   1.54600000000000e+09
   1.54700000000000e+09
   1.54800000000000e+09
   1.54900000000000e+09
   1.55000000000000e+09
   1.55100000000000e+09
   1.55200000000000e+09
   1.55300000000000e+09
   1.55400000000000e+09
   1.55500000000000e+09
   1.55600000000000e+09
   1.55700000000000e+09
   1.55800000000000e+09
   1.55900000000000e+09
   1.56000000000000e+09
   1.56100000000000e+09
   1.56200000000000e+09
   1.56300000000000e+09
   1.56400000000000e+09
   1.56500000000000e+09
   1.56600000000000e+09
   1.56700000000000e+09
   1.56800000000000e+09
   1.56900000000000e+09
   1.57000000000000e+09
   1.57100000000000e+09
   1.57200000000000e+09
   1.57300000000000e+09
   1.57400000000000e+09
   1.57500000000000e+09
   1.57600000000000e+09
   1.57700000000000e+09
   1.57800000000000e+09
   1.57900000000000e+09
   1.58000000000000e+09
   1.58100000000000e+09
   1.58200000000000e+09
   1.58300000000000e+09
   1.58400000000000e+09
   1.58500000000000e+09
   1.58600000000000e+09
   1.58700000000000e+09
   1.58800000000000e+09
   1.58900000000000e+09
   1.59000000000000e+09
   1.59100000000000e+09
   1.59200000000000e+09
   1.59300000000000e+09
   1.59400000000000e+09
   1.59500000000000e+09
   1.59600000000000e+09
   1.59700000000000e+09
   1.59800000000000e+09
   1.59900000000000e+09
   1.60000000000000e+09
   1.60100000000000e+09
   1.60200000000000e+09
   1.60300000000000e+09
   1.60400000000000e+09
   1.60500000000000e+09
   1.60600000000000e+09
   1.60700000000000e+09
   1.60800000000000e+09
   1.60900000000000e+09
   1.61000000000000e+09
   1.61100000000000e+09
   1.61200000000000e+09
   1.61300000000000e+09
   1.61400000000000e+09
   1.61500000000000e+09
   1.61600000000000e+09
   1.61700000000000e+09
   1.61800000000000e+09
   1.61900000000000e+09
   1.62000000000000e+09
   1.62100000000000e+09
   1.62200000000000e+09
   1.62300000000000e+09
   1.62400000000000e+09
   1.62500000000000e+09
   1.62600000000000e+09
   1.62700000000000e+09
   1.62800000000000e+09
   1.62900000000000e+09
   1.63000000000000e+09
   1.63100000000000e+09
   1.63200000000000e+09
   1.63300000000000e+09
   1.63400000000000e+09
   1.63500000000000e+09
   1.63600000000000e+09
   1.63700000000000e+09
   1.63800000000000e+09
   1.63900000000000e+09
   1.64000000000000e+09
   1.64100000000000e+09
   1.64200000000000e+09
   1.64300000000000e+09
   1.64400000000000e+09
   1.64500000000000e+09
   1.64600000000000e+09
   1.64700000000000e+09
   1.64800000000000e+09
   1.64900000000000e+09
   1.65000000000000e+09
   1.65100000000000e+09
   1.65200000000000e+09
   1.65300000000000e+09
   1.65400000000000e+09
   1.65500000000000e+09
   1.65600000000000e+09
   1.65700000000000e+09
   1.65800000000000e+09
   1.65900000000000e+09
   1.66000000000000e+09
   1.66100000000000e+09
   1.66200000000000e+09
   1.66300000000000e+09
   1.66400000000000e+09
   1.66500000000000e+09
   1.66600000000000e+09
   1.66700000000000e+09
   1.66800000000000e+09
   1.66900000000000e+09
   1.67000000000000e+09
   1.67100000000000e+09
   1.67200000000000e+09
   1.67300000000000e+09
   1.67400000000000e+09
   1.67500000000000e+09
   1.67600000000000e+09
   1.67700000000000e+09
   1.67800000000000e+09
   1.67900000000000e+09
   1.68000000000000e+09
   1.68100000000000e+09
   1.68200000000000e+09
   1.68300000000000e+09
   1.68400000000000e+09
   1.68500000000000e+09
   1.68600000000000e+09
   1.68700000000000e+09
   1.68800000000000e+09
   1.68900000000000e+09
   1.69000000000000e+09
   1.69100000000000e+09
   1.69200000000000e+09
   1.69300000000000e+09
   1.69400000000000e+09
   1.69500000000000e+09
   1.69600000000000e+09
   1.69700000000000e+09
   1.69800000000000e+09
   1.69900000000000e+09
   1.70000000000000e+09
   1.70100000000000e+09
   1.70200000000000e+09
   1.70300000000000e+09
   1.70400000000000e+09
   1.70500000000000e+09
   1.70600000000000e+09
   1.70700000000000e+09
   1.70800000000000e+09
   1.70900000000000e+09
   1.71000000000000e+09
   1.71100000000000e+09
   1.71200000000000e+09
   1.71300000000000e+09
   1.71400000000000e+09
   1.71500000000000e+09
   1.71600000000000e+09
   1.71700000000000e+09
   1.71800000000000e+09
   1.71900000000000e+09
   1.72000000000000e+09
   1.72100000000000e+09
   1.72200000000000e+09
   1.72300000000000e+09
   1.72400000000000e+09
   1.72500000000000e+09
   1.72600000000000e+09
   1.72700000000000e+09
   1.72800000000000e+09
   1.72900000000000e+09
   1.73000000000000e+09
   1.73100000000000e+09
   1.73200000000000e+09
   1.73300000000000e+09
   1.73400000000000e+09
   1.73500000000000e+09
   1.73600000000000e+09
   1.73700000000000e+09
   1.73800000000000e+09
   1.73900000000000e+09
   1.74000000000000e+09
   1.74100000000000e+09
   1.74200000000000e+09
   1.74300000000000e+09
   1.74400000000000e+09
   1.74500000000000e+09
   1.74600000000000e+09
   1.74700000000000e+09
   1.74800000000000e+09
   1.74900000000000e+09
   1.75000000000000e+09
   1.75100000000000e+09
   1.75200000000000e+09
   1.75300000000000e+09
   1.75400000000000e+09
   1.75500000000000e+09
   1.75600000000000e+09
   1.75700000000000e+09
   1.75800000000000e+09
   1.75900000000000e+09
   1.76000000000000e+09
   1.76100000000000e+09
   1.76200000000000e+09
   1.76300000000000e+09
   1.76400000000000e+09
   1.76500000000000e+09
   1.76600000000000e+09
   1.76700000000000e+09
   1.76800000000000e+09
   1.76900000000000e+09
   1.77000000000000e+09
   1.77100000000000e+09
   1.77200000000000e+09
   1.77300000000000e+09
   1.77400000000000e+09
   1.77500000000000e+09
   1.77600000000000e+09
   1.77700000000000e+09
   1.77800000000000e+09
   1.77900000000000e+09
   1.78000000000000e+09
   1.78100000000000e+09
   1.78200000000000e+09
   1.78300000000000e+09
   1.78400000000000e+09
   1.78500000000000e+09
   1.78600000000000e+09
   1.78700000000000e+09
   1.78800000000000e+09
   1.78900000000000e+09
   1.79000000000000e+09
   1.79100000000000e+09
   1.79200000000000e+09
   1.79300000000000e+09
   1.79400000000000e+09
   1.79500000000000e+09
   1.79600000000000e+09
   1.79700000000000e+09
   1.79800000000000e+09
   1.79900000000000e+09
   1.80000000000000e+09
   1.80100000000000e+09
   1.80200000000000e+09
   1.80300000000000e+09
   1.80400000000000e+09
   1.80500000000000e+09
   1.80600000000000e+09
   1.80700000000000e+09
   1.80800000000000e+09
   1.80900000000000e+09
   1.81000000000000e+09
   1.81100000000000e+09
   1.81200000000000e+09
   1.81300000000000e+09
   1.81400000000000e+09
   1.81500000000000e+09
   1.81600000000000e+09
   1.81700000000000e+09
   1.81800000000000e+09
   1.81900000000000e+09
   1.82000000000000e+09
   1.82100000000000e+09
   1.82200000000000e+09
   1.82300000000000e+09
   1.82400000000000e+09
   1.82500000000000e+09
   1.82600000000000e+09
   1.82700000000000e+09
   1.82800000000000e+09
   1.82900000000000e+09
   1.83000000000000e+09
   1.83100000000000e+09
   1.83200000000000e+09
   1.83300000000000e+09
   1.83400000000000e+09
   1.83500000000000e+09
   1.83600000000000e+09
   1.83700000000000e+09
   1.83800000000000e+09
   1.83900000000000e+09
   1.84000000000000e+09
   1.84100000000000e+09
   1.84200000000000e+09
   1.84300000000000e+09
   1.84400000000000e+09
   1.84500000000000e+09
   1.84600000000000e+09
   1.84700000000000e+09
   1.84800000000000e+09
   1.84900000000000e+09
   1.85000000000000e+09
   1.85100000000000e+09
   1.85200000000000e+09
   1.85300000000000e+09
   1.85400000000000e+09
   1.85500000000000e+09
   1.85600000000000e+09
   1.85700000000000e+09
   1.85800000000000e+09
   1.85900000000000e+09
   1.86000000000000e+09
   1.86100000000000e+09
   1.86200000000000e+09
   1.86300000000000e+09
   1.86400000000000e+09
   1.86500000000000e+09
   1.86600000000000e+09
   1.86700000000000e+09
   1.86800000000000e+09
   1.86900000000000e+09
   1.87000000000000e+09
   1.87100000000000e+09
   1.87200000000000e+09
   1.87300000000000e+09
   1.87400000000000e+09
   1.87500000000000e+09
   1.87600000000000e+09
   1.87700000000000e+09
   1.87800000000000e+09
   1.87900000000000e+09
   1.88000000000000e+09
   1.88100000000000e+09
   1.88200000000000e+09
   1.88300000000000e+09
   1.88400000000000e+09
   1.88500000000000e+09
   1.88600000000000e+09
   1.88700000000000e+09
   1.88800000000000e+09
   1.88900000000000e+09
   1.89000000000000e+09
   1.89100000000000e+09
   1.89200000000000e+09
   1.89300000000000e+09
   1.89400000000000e+09
   1.89500000000000e+09
   1.89600000000000e+09
   1.89700000000000e+09
   1.89800000000000e+09
   1.89900000000000e+09
   1.90000000000000e+09
   1.90100000000000e+09
   1.90200000000000e+09
   1.90300000000000e+09
   1.90400000000000e+09
   1.90500000000000e+09
   1.90600000000000e+09
   1.90700000000000e+09
   1.90800000000000e+09
   1.90900000000000e+09
   1.91000000000000e+09
   1.91100000000000e+09
   1.91200000000000e+09
   1.91300000000000e+09
   1.91400000000000e+09
   1.91500000000000e+09
   1.91600000000000e+09
   1.91700000000000e+09
   1.91800000000000e+09
   1.91900000000000e+09
   1.92000000000000e+09
   1.92100000000000e+09
   1.92200000000000e+09
   1.92300000000000e+09
   1.92400000000000e+09
   1.92500000000000e+09
   1.92600000000000e+09
   1.92700000000000e+09
   1.92800000000000e+09
   1.92900000000000e+09
   1.93000000000000e+09
   1.93100000000000e+09
   1.93200000000000e+09
   1.93300000000000e+09
   1.93400000000000e+09
   1.93500000000000e+09
   1.93600000000000e+09
   1.93700000000000e+09
   1.93800000000000e+09
   1.93900000000000e+09
   1.94000000000000e+09
   1.94100000000000e+09
   1.94200000000000e+09
   1.94300000000000e+09
   1.94400000000000e+09
   1.94500000000000e+09
   1.94600000000000e+09
   1.94700000000000e+09
   1.94800000000000e+09
   1.94900000000000e+09
   1.95000000000000e+09
   1.95100000000000e+09
   1.95200000000000e+09
   1.95300000000000e+09
   1.95400000000000e+09
   1.95500000000000e+09
   1.95600000000000e+09
   1.95700000000000e+09
   1.95800000000000e+09
   1.95900000000000e+09
   1.96000000000000e+09
   1.96100000000000e+09
   1.96200000000000e+09
   1.96300000000000e+09
   1.96400000000000e+09
   1.96500000000000e+09
   1.96600000000000e+09
   1.96700000000000e+09
   1.96800000000000e+09
   1.96900000000000e+09
   1.97000000000000e+09
   1.97100000000000e+09
   1.97200000000000e+09
   1.97300000000000e+09
   1.97400000000000e+09
   1.97500000000000e+09
   1.97600000000000e+09
   1.97700000000000e+09
   1.97800000000000e+09
   1.97900000000000e+09
   1.98000000000000e+09
   1.98100000000000e+09
   1.98200000000000e+09
   1.98300000000000e+09
   1.98400000000000e+09
   1.98500000000000e+09
   1.98600000000000e+09
   1.98700000000000e+09
   1.98800000000000e+09
   1.98900000000000e+09
   1.99000000000000e+09
   1.99100000000000e+09
   1.99200000000000e+09
   1.99300000000000e+09
   1.99400000000000e+09
   1.99500000000000e+09
   1.99600000000000e+09
   1.99700000000000e+09
   1.99800000000000e+09
   1.99900000000000e+09
   2.00000000000000e+09
   2.00100000000000e+09
   2.00200000000000e+09
   2.00300000000000e+09
   2.00400000000000e+09
   2.00500000000000e+09
   2.00600000000000e+09
   2.00700000000000e+09
   2.00800000000000e+09
   2.00900000000000e+09
   2.01000000000000e+09
   2.01100000000000e+09
   2.01200000000000e+09
   2.01300000000000e+09
   2.01400000000000e+09
   2.01500000000000e+09
   2.01600000000000e+09
   2.01700000000000e+09
   2.01800000000000e+09
   2.01900000000000e+09
   2.02000000000000e+09
   2.02100000000000e+09
   2.02200000000000e+09
   2.02300000000000e+09
   2.02400000000000e+09
   2.02500000000000e+09
   2.02600000000000e+09
   2.02700000000000e+09
   2.02800000000000e+09
   2.02900000000000e+09
   2.03000000000000e+09
   2.03100000000000e+09
   2.03200000000000e+09
   2.03300000000000e+09
   2.03400000000000e+09
   2.03500000000000e+09
   2.03600000000000e+09
   2.03700000000000e+09
   2.03800000000000e+09
   2.03900000000000e+09
   2.04000000000000e+09
   2.04100000000000e+09
   2.04200000000000e+09
   2.04300000000000e+09
   2.04400000000000e+09
   2.04500000000000e+09
   2.04600000000000e+09
   2.04700000000000e+09
   2.04800000000000e+09
   2.04900000000000e+09
   2.05000000000000e+09
   2.05100000000000e+09
   2.05200000000000e+09
   2.05300000000000e+09
   2.05400000000000e+09
   2.05500000000000e+09
   2.05600000000000e+09
   2.05700000000000e+09
   2.05800000000000e+09
   2.05900000000000e+09
   2.06000000000000e+09
   2.06100000000000e+09
   2.06200000000000e+09
   2.06300000000000e+09
   2.06400000000000e+09
   2.06500000000000e+09
   2.06600000000000e+09
   2.06700000000000e+09
   2.06800000000000e+09
   2.06900000000000e+09
   2.07000000000000e+09
   2.07100000000000e+09
   2.07200000000000e+09
   2.07300000000000e+09
   2.07400000000000e+09
   2.07500000000000e+09
   2.07600000000000e+09
   2.07700000000000e+09
   2.07800000000000e+09
   2.07900000000000e+09
   2.08000000000000e+09
   2.08100000000000e+09
   2.08200000000000e+09
   2.08300000000000e+09
   2.08400000000000e+09
   2.08500000000000e+09
   2.08600000000000e+09
   2.08700000000000e+09
   2.08800000000000e+09
   2.08900000000000e+09
   2.09000000000000e+09
   2.09100000000000e+09
   2.09200000000000e+09
   2.09300000000000e+09
   2.09400000000000e+09
   2.09500000000000e+09
   2.09600000000000e+09
   2.09700000000000e+09
   2.09800000000000e+09
   2.09900000000000e+09
   2.10000000000000e+09
   2.10100000000000e+09
   2.10200000000000e+09
   2.10300000000000e+09
   2.10400000000000e+09
   2.10500000000000e+09
   2.10600000000000e+09
   2.10700000000000e+09
   2.10800000000000e+09
   2.10900000000000e+09
   2.11000000000000e+09
   2.11100000000000e+09
   2.11200000000000e+09
   2.11300000000000e+09
   2.11400000000000e+09
   2.11500000000000e+09
   2.11600000000000e+09
   2.11700000000000e+09
   2.11800000000000e+09
   2.11900000000000e+09
   2.12000000000000e+09
   2.12100000000000e+09
   2.12200000000000e+09
   2.12300000000000e+09
   2.12400000000000e+09
   2.12500000000000e+09
   2.12600000000000e+09
   2.12700000000000e+09
   2.12800000000000e+09
   2.12900000000000e+09
   2.13000000000000e+09
   2.13100000000000e+09
   2.13200000000000e+09
   2.13300000000000e+09
   2.13400000000000e+09
   2.13500000000000e+09
   2.13600000000000e+09
   2.13700000000000e+09
   2.13800000000000e+09
   2.13900000000000e+09
   2.14000000000000e+09
   2.14100000000000e+09
   2.14200000000000e+09
   2.14300000000000e+09
   2.14400000000000e+09
   2.14500000000000e+09
   2.14600000000000e+09
   2.14700000000000e+09
   2.14800000000000e+09
   2.14900000000000e+09
   2.15000000000000e+09
   2.15100000000000e+09
   2.15200000000000e+09
   2.15300000000000e+09
   2.15400000000000e+09
   2.15500000000000e+09
   2.15600000000000e+09
   2.15700000000000e+09
   2.15800000000000e+09
   2.15900000000000e+09
   2.16000000000000e+09
   2.16100000000000e+09
   2.16200000000000e+09
   2.16300000000000e+09
   2.16400000000000e+09
   2.16500000000000e+09
   2.16600000000000e+09
   2.16700000000000e+09
   2.16800000000000e+09
   2.16900000000000e+09
   2.17000000000000e+09
   2.17100000000000e+09
   2.17200000000000e+09
   2.17300000000000e+09
   2.17400000000000e+09
   2.17500000000000e+09
   2.17600000000000e+09
   2.17700000000000e+09
   2.17800000000000e+09
   2.17900000000000e+09
   2.18000000000000e+09
   2.18100000000000e+09
   2.18200000000000e+09
   2.18300000000000e+09
   2.18400000000000e+09
   2.18500000000000e+09
   2.18600000000000e+09
   2.18700000000000e+09
   2.18800000000000e+09
   2.18900000000000e+09
   2.19000000000000e+09
   2.19100000000000e+09
   2.19200000000000e+09
   2.19300000000000e+09
   2.19400000000000e+09
   2.19500000000000e+09
   2.19600000000000e+09
   2.19700000000000e+09
   2.19800000000000e+09
   2.19900000000000e+09
   2.20000000000000e+09
   2.20100000000000e+09
   2.20200000000000e+09
   2.20300000000000e+09
   2.20400000000000e+09
   2.20500000000000e+09
   2.20600000000000e+09
   2.20700000000000e+09
   2.20800000000000e+09
   2.20900000000000e+09
   2.21000000000000e+09
   2.21100000000000e+09
   2.21200000000000e+09
   2.21300000000000e+09
   2.21400000000000e+09
   2.21500000000000e+09
   2.21600000000000e+09
   2.21700000000000e+09
   2.21800000000000e+09
   2.21900000000000e+09
   2.22000000000000e+09
   2.22100000000000e+09
   2.22200000000000e+09
   2.22300000000000e+09
   2.22400000000000e+09
   2.22500000000000e+09
   2.22600000000000e+09
   2.22700000000000e+09
   2.22800000000000e+09
   2.22900000000000e+09
   2.23000000000000e+09
   2.23100000000000e+09
   2.23200000000000e+09
   2.23300000000000e+09
   2.23400000000000e+09
   2.23500000000000e+09
   2.23600000000000e+09
   2.23700000000000e+09
   2.23800000000000e+09
   2.23900000000000e+09
   2.24000000000000e+09
   2.24100000000000e+09
   2.24200000000000e+09
   2.24300000000000e+09
   2.24400000000000e+09
   2.24500000000000e+09
   2.24600000000000e+09
   2.24700000000000e+09
   2.24800000000000e+09
   2.24900000000000e+09
   2.25000000000000e+09
   2.25100000000000e+09
   2.25200000000000e+09
   2.25300000000000e+09
   2.25400000000000e+09
   2.25500000000000e+09
   2.25600000000000e+09
   2.25700000000000e+09
   2.25800000000000e+09
   2.25900000000000e+09
   2.26000000000000e+09
   2.26100000000000e+09
   2.26200000000000e+09
   2.26300000000000e+09
   2.26400000000000e+09
   2.26500000000000e+09
   2.26600000000000e+09
   2.26700000000000e+09
   2.26800000000000e+09
   2.26900000000000e+09
   2.27000000000000e+09
   2.27100000000000e+09
   2.27200000000000e+09
   2.27300000000000e+09
   2.27400000000000e+09
   2.27500000000000e+09
   2.27600000000000e+09
   2.27700000000000e+09
   2.27800000000000e+09
   2.27900000000000e+09
   2.28000000000000e+09
   2.28100000000000e+09
   2.28200000000000e+09
   2.28300000000000e+09
   2.28400000000000e+09
   2.28500000000000e+09
   2.28600000000000e+09
   2.28700000000000e+09
   2.28800000000000e+09
   2.28900000000000e+09
   2.29000000000000e+09
   2.29100000000000e+09
   2.29200000000000e+09
   2.29300000000000e+09
   2.29400000000000e+09
   2.29500000000000e+09
   2.29600000000000e+09
   2.29700000000000e+09
   2.29800000000000e+09
   2.29900000000000e+09
   2.30000000000000e+09
   2.30100000000000e+09
   2.30200000000000e+09
   2.30300000000000e+09
   2.30400000000000e+09
   2.30500000000000e+09
   2.30600000000000e+09
   2.30700000000000e+09
   2.30800000000000e+09
   2.30900000000000e+09
   2.31000000000000e+09
   2.31100000000000e+09
   2.31200000000000e+09
   2.31300000000000e+09
   2.31400000000000e+09
   2.31500000000000e+09
   2.31600000000000e+09
   2.31700000000000e+09
   2.31800000000000e+09
   2.31900000000000e+09
   2.32000000000000e+09
   2.32100000000000e+09
   2.32200000000000e+09
   2.32300000000000e+09
   2.32400000000000e+09
   2.32500000000000e+09
   2.32600000000000e+09
   2.32700000000000e+09
   2.32800000000000e+09
   2.32900000000000e+09
   2.33000000000000e+09
   2.33100000000000e+09
   2.33200000000000e+09
   2.33300000000000e+09
   2.33400000000000e+09
   2.33500000000000e+09
   2.33600000000000e+09
   2.33700000000000e+09
   2.33800000000000e+09
   2.33900000000000e+09
   2.34000000000000e+09
   2.34100000000000e+09
   2.34200000000000e+09
   2.34300000000000e+09
   2.34400000000000e+09
   2.34500000000000e+09
   2.34600000000000e+09
   2.34700000000000e+09
   2.34800000000000e+09
   2.34900000000000e+09
   2.35000000000000e+09
   2.35100000000000e+09
   2.35200000000000e+09
   2.35300000000000e+09
   2.35400000000000e+09
   2.35500000000000e+09
   2.35600000000000e+09
   2.35700000000000e+09
   2.35800000000000e+09
   2.35900000000000e+09
   2.36000000000000e+09
   2.36100000000000e+09
   2.36200000000000e+09
   2.36300000000000e+09
   2.36400000000000e+09
   2.36500000000000e+09
   2.36600000000000e+09
   2.36700000000000e+09
   2.36800000000000e+09
   2.36900000000000e+09
   2.37000000000000e+09
   2.37100000000000e+09
   2.37200000000000e+09
   2.37300000000000e+09
   2.37400000000000e+09
   2.37500000000000e+09
   2.37600000000000e+09
   2.37700000000000e+09
   2.37800000000000e+09
   2.37900000000000e+09
   2.38000000000000e+09
   2.38100000000000e+09
   2.38200000000000e+09
   2.38300000000000e+09
   2.38400000000000e+09
   2.38500000000000e+09
   2.38600000000000e+09
   2.38700000000000e+09
   2.38800000000000e+09
   2.38900000000000e+09
   2.39000000000000e+09
   2.39100000000000e+09
   2.39200000000000e+09
   2.39300000000000e+09
   2.39400000000000e+09
   2.39500000000000e+09
   2.39600000000000e+09
   2.39700000000000e+09
   2.39800000000000e+09
   2.39900000000000e+09
   2.40000000000000e+09
   2.40100000000000e+09
   2.40200000000000e+09
   2.40300000000000e+09
   2.40400000000000e+09
   2.40500000000000e+09
   2.40600000000000e+09
   2.40700000000000e+09
   2.40800000000000e+09
   2.40900000000000e+09
   2.41000000000000e+09
   2.41100000000000e+09
   2.41200000000000e+09
   2.41300000000000e+09
   2.41400000000000e+09
   2.41500000000000e+09
   2.41600000000000e+09
   2.41700000000000e+09
   2.41800000000000e+09
   2.41900000000000e+09
   2.42000000000000e+09
   2.42100000000000e+09
   2.42200000000000e+09
   2.42300000000000e+09
   2.42400000000000e+09
   2.42500000000000e+09
   2.42600000000000e+09
   2.42700000000000e+09
   2.42800000000000e+09
   2.42900000000000e+09
   2.43000000000000e+09
   2.43100000000000e+09
   2.43200000000000e+09
   2.43300000000000e+09
   2.43400000000000e+09
   2.43500000000000e+09
   2.43600000000000e+09
   2.43700000000000e+09
   2.43800000000000e+09
   2.43900000000000e+09
   2.44000000000000e+09
   2.44100000000000e+09
   2.44200000000000e+09
   2.44300000000000e+09
   2.44400000000000e+09
   2.44500000000000e+09
   2.44600000000000e+09
   2.44700000000000e+09
   2.44800000000000e+09
   2.44900000000000e+09
   2.45000000000000e+09
   2.45100000000000e+09
   2.45200000000000e+09
   2.45300000000000e+09
   2.45400000000000e+09
   2.45500000000000e+09
   2.45600000000000e+09
   2.45700000000000e+09
   2.45800000000000e+09
   2.45900000000000e+09
   2.46000000000000e+09
   2.46100000000000e+09
   2.46200000000000e+09
   2.46300000000000e+09
   2.46400000000000e+09
   2.46500000000000e+09
   2.46600000000000e+09
   2.46700000000000e+09
   2.46800000000000e+09
   2.46900000000000e+09
   2.47000000000000e+09
   2.47100000000000e+09
   2.47200000000000e+09
   2.47300000000000e+09
   2.47400000000000e+09
   2.47500000000000e+09
   2.47600000000000e+09
   2.47700000000000e+09
   2.47800000000000e+09
   2.47900000000000e+09
   2.48000000000000e+09
   2.48100000000000e+09
   2.48200000000000e+09
   2.48300000000000e+09
   2.48400000000000e+09
   2.48500000000000e+09
   2.48600000000000e+09
   2.48700000000000e+09
   2.48800000000000e+09
   2.48900000000000e+09
   2.49000000000000e+09
   2.49100000000000e+09
   2.49200000000000e+09
   2.49300000000000e+09
   2.49400000000000e+09
   2.49500000000000e+09
   2.49600000000000e+09
   2.49700000000000e+09
   2.49800000000000e+09
   2.49900000000000e+09
   2.50000000000000e+09
   2.50100000000000e+09
   2.50200000000000e+09
   2.50300000000000e+09
   2.50400000000000e+09
   2.50500000000000e+09
   2.50600000000000e+09
   2.50700000000000e+09
   2.50800000000000e+09
   2.50900000000000e+09
   2.51000000000000e+09
   2.51100000000000e+09
   2.51200000000000e+09
   2.51300000000000e+09
   2.51400000000000e+09
   2.51500000000000e+09
   2.51600000000000e+09
   2.51700000000000e+09
   2.51800000000000e+09
   2.51900000000000e+09
   2.52000000000000e+09
   2.52100000000000e+09
   2.52200000000000e+09
   2.52300000000000e+09
   2.52400000000000e+09
   2.52500000000000e+09
   2.52600000000000e+09
   2.52700000000000e+09
   2.52800000000000e+09
   2.52900000000000e+09
   2.53000000000000e+09
   2.53100000000000e+09
   2.53200000000000e+09
   2.53300000000000e+09
   2.53400000000000e+09
   2.53500000000000e+09
   2.53600000000000e+09
   2.53700000000000e+09
   2.53800000000000e+09
   2.53900000000000e+09
   2.54000000000000e+09
   2.54100000000000e+09
   2.54200000000000e+09
   2.54300000000000e+09
   2.54400000000000e+09
   2.54500000000000e+09
   2.54600000000000e+09
   2.54700000000000e+09
   2.54800000000000e+09
   2.54900000000000e+09
   2.55000000000000e+09
   2.55100000000000e+09
   2.55200000000000e+09
   2.55300000000000e+09
   2.55400000000000e+09
   2.55500000000000e+09
   2.55600000000000e+09
   2.55700000000000e+09
   2.55800000000000e+09
   2.55900000000000e+09
   2.56000000000000e+09
   2.56100000000000e+09
   2.56200000000000e+09
   2.56300000000000e+09
   2.56400000000000e+09
   2.56500000000000e+09
   2.56600000000000e+09
   2.56700000000000e+09
   2.56800000000000e+09
   2.56900000000000e+09
   2.57000000000000e+09
   2.57100000000000e+09
   2.57200000000000e+09
   2.57300000000000e+09
   2.57400000000000e+09
   2.57500000000000e+09
   2.57600000000000e+09
   2.57700000000000e+09
   2.57800000000000e+09
   2.57900000000000e+09
   2.58000000000000e+09
   2.58100000000000e+09
   2.58200000000000e+09
   2.58300000000000e+09
   2.58400000000000e+09
   2.58500000000000e+09
   2.58600000000000e+09
   2.58700000000000e+09
   2.58800000000000e+09
   2.58900000000000e+09
   2.59000000000000e+09
   2.59100000000000e+09
   2.59200000000000e+09
   2.59300000000000e+09
   2.59400000000000e+09
   2.59500000000000e+09
   2.59600000000000e+09
   2.59700000000000e+09
   2.59800000000000e+09
   2.59900000000000e+09
   2.60000000000000e+09
   2.60100000000000e+09
   2.60200000000000e+09
   2.60300000000000e+09
   2.60400000000000e+09
   2.60500000000000e+09
   2.60600000000000e+09
   2.60700000000000e+09
   2.60800000000000e+09
   2.60900000000000e+09
   2.61000000000000e+09
   2.61100000000000e+09
   2.61200000000000e+09
   2.61300000000000e+09
   2.61400000000000e+09
   2.61500000000000e+09
   2.61600000000000e+09
   2.61700000000000e+09
   2.61800000000000e+09
   2.61900000000000e+09
   2.62000000000000e+09
   2.62100000000000e+09
   2.62200000000000e+09
   2.62300000000000e+09
   2.62400000000000e+09
   2.62500000000000e+09
   2.62600000000000e+09
   2.62700000000000e+09
   2.62800000000000e+09
   2.62900000000000e+09
   2.63000000000000e+09
   2.63100000000000e+09
   2.63200000000000e+09
   2.63300000000000e+09
   2.63400000000000e+09
   2.63500000000000e+09
   2.63600000000000e+09
   2.63700000000000e+09
   2.63800000000000e+09
   2.63900000000000e+09
   2.64000000000000e+09
   2.64100000000000e+09
   2.64200000000000e+09
   2.64300000000000e+09
   2.64400000000000e+09
   2.64500000000000e+09
   2.64600000000000e+09
   2.64700000000000e+09
   2.64800000000000e+09
   2.64900000000000e+09
   2.65000000000000e+09
   2.65100000000000e+09
   2.65200000000000e+09
   2.65300000000000e+09
   2.65400000000000e+09
   2.65500000000000e+09
   2.65600000000000e+09
   2.65700000000000e+09
   2.65800000000000e+09
   2.65900000000000e+09
   2.66000000000000e+09
   2.66100000000000e+09
   2.66200000000000e+09
   2.66300000000000e+09
   2.66400000000000e+09
   2.66500000000000e+09
   2.66600000000000e+09
   2.66700000000000e+09
   2.66800000000000e+09
   2.66900000000000e+09
   2.67000000000000e+09
   2.67100000000000e+09
   2.67200000000000e+09
   2.67300000000000e+09
   2.67400000000000e+09
   2.67500000000000e+09
   2.67600000000000e+09
   2.67700000000000e+09
   2.67800000000000e+09
   2.67900000000000e+09
   2.68000000000000e+09
   2.68100000000000e+09
   2.68200000000000e+09
   2.68300000000000e+09
   2.68400000000000e+09
   2.68500000000000e+09
   2.68600000000000e+09
   2.68700000000000e+09
   2.68800000000000e+09
   2.68900000000000e+09
   2.69000000000000e+09
   2.69100000000000e+09
   2.69200000000000e+09
   2.69300000000000e+09
   2.69400000000000e+09
   2.69500000000000e+09
   2.69600000000000e+09
   2.69700000000000e+09
   2.69800000000000e+09
   2.69900000000000e+09
   2.70000000000000e+09
   2.70100000000000e+09
   2.70200000000000e+09
   2.70300000000000e+09
   2.70400000000000e+09
   2.70500000000000e+09
   2.70600000000000e+09
   2.70700000000000e+09
   2.70800000000000e+09
   2.70900000000000e+09
   2.71000000000000e+09
   2.71100000000000e+09
   2.71200000000000e+09
   2.71300000000000e+09
   2.71400000000000e+09
   2.71500000000000e+09
   2.71600000000000e+09
   2.71700000000000e+09
   2.71800000000000e+09
   2.71900000000000e+09
   2.72000000000000e+09
   2.72100000000000e+09
   2.72200000000000e+09
   2.72300000000000e+09
   2.72400000000000e+09
   2.72500000000000e+09
   2.72600000000000e+09
   2.72700000000000e+09
   2.72800000000000e+09
   2.72900000000000e+09
   2.73000000000000e+09
   2.73100000000000e+09
   2.73200000000000e+09
   2.73300000000000e+09
   2.73400000000000e+09
   2.73500000000000e+09
   2.73600000000000e+09
   2.73700000000000e+09
   2.73800000000000e+09
   2.73900000000000e+09
   2.74000000000000e+09
   2.74100000000000e+09
   2.74200000000000e+09
   2.74300000000000e+09
   2.74400000000000e+09
   2.74500000000000e+09
   2.74600000000000e+09
   2.74700000000000e+09
   2.74800000000000e+09
   2.74900000000000e+09
   2.75000000000000e+09
   2.75100000000000e+09
   2.75200000000000e+09
   2.75300000000000e+09
   2.75400000000000e+09
   2.75500000000000e+09
   2.75600000000000e+09
   2.75700000000000e+09
   2.75800000000000e+09
   2.75900000000000e+09
   2.76000000000000e+09
   2.76100000000000e+09
   2.76200000000000e+09
   2.76300000000000e+09
   2.76400000000000e+09
   2.76500000000000e+09
   2.76600000000000e+09
   2.76700000000000e+09
   2.76800000000000e+09
   2.76900000000000e+09
   2.77000000000000e+09
   2.77100000000000e+09
   2.77200000000000e+09
   2.77300000000000e+09
   2.77400000000000e+09
   2.77500000000000e+09
   2.77600000000000e+09
   2.77700000000000e+09
   2.77800000000000e+09
   2.77900000000000e+09
   2.78000000000000e+09
   2.78100000000000e+09
   2.78200000000000e+09
   2.78300000000000e+09
   2.78400000000000e+09
   2.78500000000000e+09
   2.78600000000000e+09
   2.78700000000000e+09
   2.78800000000000e+09
   2.78900000000000e+09
   2.79000000000000e+09
   2.79100000000000e+09
   2.79200000000000e+09
   2.79300000000000e+09
   2.79400000000000e+09
   2.79500000000000e+09
   2.79600000000000e+09
   2.79700000000000e+09
   2.79800000000000e+09
   2.79900000000000e+09
   2.80000000000000e+09
   2.80100000000000e+09
   2.80200000000000e+09
   2.80300000000000e+09
   2.80400000000000e+09
   2.80500000000000e+09
   2.80600000000000e+09
   2.80700000000000e+09
   2.80800000000000e+09
   2.80900000000000e+09
   2.81000000000000e+09
   2.81100000000000e+09
   2.81200000000000e+09
   2.81300000000000e+09
   2.81400000000000e+09
   2.81500000000000e+09
   2.81600000000000e+09
   2.81700000000000e+09
   2.81800000000000e+09
   2.81900000000000e+09
   2.82000000000000e+09
   2.82100000000000e+09
   2.82200000000000e+09
   2.82300000000000e+09
   2.82400000000000e+09
   2.82500000000000e+09
   2.82600000000000e+09
   2.82700000000000e+09
   2.82800000000000e+09
   2.82900000000000e+09
   2.83000000000000e+09
   2.83100000000000e+09
   2.83200000000000e+09
   2.83300000000000e+09
   2.83400000000000e+09
   2.83500000000000e+09
   2.83600000000000e+09
   2.83700000000000e+09
   2.83800000000000e+09
   2.83900000000000e+09
   2.84000000000000e+09
   2.84100000000000e+09
   2.84200000000000e+09
   2.84300000000000e+09
   2.84400000000000e+09
   2.84500000000000e+09
   2.84600000000000e+09
   2.84700000000000e+09
   2.84800000000000e+09
   2.84900000000000e+09
   2.85000000000000e+09
   2.85100000000000e+09
   2.85200000000000e+09
   2.85300000000000e+09
   2.85400000000000e+09
   2.85500000000000e+09
   2.85600000000000e+09
   2.85700000000000e+09
   2.85800000000000e+09
   2.85900000000000e+09
   2.86000000000000e+09
   2.86100000000000e+09
   2.86200000000000e+09
   2.86300000000000e+09
   2.86400000000000e+09
   2.86500000000000e+09
   2.86600000000000e+09
   2.86700000000000e+09
   2.86800000000000e+09
   2.86900000000000e+09
   2.87000000000000e+09
   2.87100000000000e+09
   2.87200000000000e+09
   2.87300000000000e+09
   2.87400000000000e+09
   2.87500000000000e+09
   2.87600000000000e+09
   2.87700000000000e+09
   2.87800000000000e+09
   2.87900000000000e+09
   2.88000000000000e+09
   2.88100000000000e+09
   2.88200000000000e+09
   2.88300000000000e+09
   2.88400000000000e+09
   2.88500000000000e+09
   2.88600000000000e+09
   2.88700000000000e+09
   2.88800000000000e+09
   2.88900000000000e+09
   2.89000000000000e+09
   2.89100000000000e+09
   2.89200000000000e+09
   2.89300000000000e+09
   2.89400000000000e+09
   2.89500000000000e+09
   2.89600000000000e+09
   2.89700000000000e+09
   2.89800000000000e+09
   2.89900000000000e+09
   2.90000000000000e+09
   2.90100000000000e+09
   2.90200000000000e+09
   2.90300000000000e+09
   2.90400000000000e+09
   2.90500000000000e+09
   2.90600000000000e+09
   2.90700000000000e+09
   2.90800000000000e+09
   2.90900000000000e+09
   2.91000000000000e+09
   2.91100000000000e+09
   2.91200000000000e+09
   2.91300000000000e+09
   2.91400000000000e+09
   2.91500000000000e+09
   2.91600000000000e+09
   2.91700000000000e+09
   2.91800000000000e+09
   2.91900000000000e+09
   2.92000000000000e+09
   2.92100000000000e+09
   2.92200000000000e+09
   2.92300000000000e+09
   2.92400000000000e+09
   2.92500000000000e+09
   2.92600000000000e+09
   2.92700000000000e+09
   2.92800000000000e+09
   2.92900000000000e+09
   2.93000000000000e+09
   2.93100000000000e+09
   2.93200000000000e+09
   2.93300000000000e+09
   2.93400000000000e+09
   2.93500000000000e+09
   2.93600000000000e+09
   2.93700000000000e+09
   2.93800000000000e+09
   2.93900000000000e+09
   2.94000000000000e+09
   2.94100000000000e+09
   2.94200000000000e+09
   2.94300000000000e+09
   2.94400000000000e+09
   2.94500000000000e+09
   2.94600000000000e+09
   2.94700000000000e+09
   2.94800000000000e+09
   2.94900000000000e+09
   2.95000000000000e+09
   2.95100000000000e+09
   2.95200000000000e+09
   2.95300000000000e+09
   2.95400000000000e+09
   2.95500000000000e+09
   2.95600000000000e+09
   2.95700000000000e+09
   2.95800000000000e+09
   2.95900000000000e+09
   2.96000000000000e+09
   2.96100000000000e+09
   2.96200000000000e+09
   2.96300000000000e+09
   2.96400000000000e+09
   2.96500000000000e+09
   2.96600000000000e+09
   2.96700000000000e+09
   2.96800000000000e+09
   2.96900000000000e+09
   2.97000000000000e+09
   2.97100000000000e+09
   2.97200000000000e+09
   2.97300000000000e+09
   2.97400000000000e+09
   2.97500000000000e+09
   2.97600000000000e+09
   2.97700000000000e+09
   2.97800000000000e+09
   2.97900000000000e+09
   2.98000000000000e+09
   2.98100000000000e+09
   2.98200000000000e+09
   2.98300000000000e+09
   2.98400000000000e+09
   2.98500000000000e+09
   2.98600000000000e+09
   2.98700000000000e+09
   2.98800000000000e+09
   2.98900000000000e+09
   2.99000000000000e+09
   2.99100000000000e+09
   2.99200000000000e+09
   2.99300000000000e+09
   2.99400000000000e+09
   2.99500000000000e+09
   2.99600000000000e+09
   2.99700000000000e+09
   2.99800000000000e+09
   2.99900000000000e+09
   3.00000000000000e+09
